0 0.263333 0.202913 0.163333 0.116505
0 0.415000 0.195146 0.163333 0.116505
0 0.556667 0.191262 0.163333 0.116505
0 0.713333 0.190291 0.163333 0.116505
0 0.868333 0.174272 0.163333 0.125243
0 0.280000 0.415049 0.163333 0.125243
0 0.430000 0.416019 0.163333 0.125243
0 0.588333 0.409223 0.163333 0.125243
0 0.746667 0.408252 0.163333 0.125243
0 0.900000 0.407282 0.163333 0.125243
0 0.291667 0.660680 0.163333 0.125243
0 0.445000 0.656796 0.163333 0.125243
0 0.876667 0.642233 0.163333 0.125243
0 0.320833 0.879126 0.188333 0.156311
0 0.502500 0.869417 0.188333 0.156311
0 0.705000 0.819417 0.200000 0.069903
0 0.900000 0.816505 0.200000 0.069903
