0 0.234167 0.222330 0.161667 0.114563
0 0.384167 0.216505 0.161667 0.114563
0 0.817500 0.204854 0.161667 0.114563
0 0.237500 0.434951 0.161667 0.114563
0 0.404167 0.432039 0.161667 0.114563
0 0.550833 0.428155 0.161667 0.114563
0 0.704167 0.422330 0.161667 0.114563
0 0.867500 0.417476 0.161667 0.114563
0 0.267500 0.686408 0.161667 0.114563
0 0.417500 0.677670 0.161667 0.114563
0 0.575833 0.666990 0.161667 0.114563
0 0.717500 0.667961 0.161667 0.114563
0 0.852500 0.665049 0.161667 0.114563
0 0.290000 0.900000 0.193333 0.163107
0 0.490000 0.888350 0.193333 0.163107
0 0.686667 0.837864 0.206667 0.069903
0 0.891667 0.834951 0.206667 0.069903
