0 0.473333 0.216990 0.160000 0.113592
0 0.620833 0.211165 0.138333 0.121359
0 0.770833 0.208252 0.138333 0.121359
0 0.202500 0.441262 0.138333 0.121359
0 0.362500 0.434466 0.138333 0.121359
0 0.502500 0.435437 0.138333 0.121359
0 0.652500 0.430583 0.138333 0.121359
0 0.802500 0.425728 0.138333 0.121359
0 0.225833 0.689806 0.138333 0.121359
0 0.365833 0.688835 0.138333 0.121359
0 0.514167 0.681068 0.138333 0.121359
0 0.665833 0.676214 0.138333 0.121359
0 0.804167 0.668447 0.138333 0.121359
0 0.249167 0.898058 0.195000 0.145631
0 0.445833 0.892233 0.195000 0.145631
0 0.645833 0.850485 0.195000 0.073786
0 0.837500 0.841748 0.195000 0.073786
