0 0.208333 0.182039 0.150000 0.113592
0 0.355000 0.181068 0.150000 0.113592
0 0.491667 0.181068 0.150000 0.113592
0 0.650000 0.180097 0.150000 0.113592
0 0.806667 0.164563 0.150000 0.113592
0 0.215000 0.392718 0.150000 0.113592
0 0.370000 0.395631 0.150000 0.113592
0 0.518333 0.395631 0.150000 0.113592
0 0.670000 0.391748 0.150000 0.113592
0 0.836667 0.388835 0.150000 0.113592
0 0.210000 0.649029 0.150000 0.113592
0 0.370000 0.643204 0.150000 0.113592
0 0.525000 0.638350 0.150000 0.113592
0 0.663333 0.640291 0.150000 0.113592
0 0.805000 0.638350 0.150000 0.113592
0 0.236667 0.864078 0.190000 0.153398
0 0.828333 0.809709 0.196667 0.069903
