0 0.394167 0.224757 0.141667 0.119417
0 0.540833 0.218932 0.141667 0.119417
0 0.687500 0.215049 0.141667 0.119417
0 0.846667 0.207767 0.170000 0.118447
0 0.273333 0.441748 0.146667 0.122330
0 0.431667 0.432039 0.146667 0.122330
0 0.593333 0.430097 0.146667 0.122330
0 0.275000 0.688350 0.146667 0.122330
0 0.431667 0.686408 0.146667 0.122330
0 0.575000 0.679612 0.146667 0.122330
0 0.728333 0.676699 0.146667 0.122330
0 0.876667 0.675728 0.146667 0.122330
0 0.305000 0.898544 0.190000 0.150485
0 0.493333 0.895631 0.190000 0.150485
0 0.706667 0.842718 0.196667 0.067961
0 0.901667 0.839806 0.196667 0.067961
