0 0.204167 0.182524 0.158333 0.118447
0 0.362500 0.180583 0.158333 0.118447
0 0.510833 0.179612 0.158333 0.118447
0 0.660833 0.183495 0.158333 0.118447
0 0.810833 0.171845 0.158333 0.118447
0 0.214167 0.392233 0.158333 0.118447
0 0.374167 0.394175 0.158333 0.118447
0 0.527500 0.395146 0.158333 0.118447
0 0.675833 0.392233 0.158333 0.118447
0 0.835833 0.392233 0.158333 0.118447
0 0.214167 0.648544 0.158333 0.118447
0 0.365833 0.644660 0.158333 0.118447
0 0.514167 0.644660 0.158333 0.118447
0 0.670833 0.641748 0.158333 0.118447
0 0.809167 0.637864 0.158333 0.118447
0 0.240000 0.861165 0.193333 0.153398
0 0.832500 0.805340 0.191667 0.072816
