0 0.266667 0.202427 0.153333 0.121359
0 0.408333 0.198544 0.153333 0.121359
0 0.556667 0.194660 0.153333 0.121359
0 0.710000 0.189806 0.153333 0.121359
0 0.860000 0.183981 0.153333 0.121359
0 0.280000 0.412136 0.153333 0.121359
0 0.436667 0.413107 0.153333 0.121359
0 0.593333 0.409223 0.153333 0.121359
0 0.733333 0.408252 0.153333 0.121359
0 0.891667 0.403398 0.153333 0.121359
0 0.281667 0.662621 0.153333 0.121359
0 0.435000 0.660680 0.153333 0.121359
0 0.588333 0.652913 0.153333 0.121359
0 0.319167 0.876699 0.191667 0.151456
0 0.510833 0.870874 0.191667 0.151456
0 0.713333 0.822330 0.200000 0.067961
0 0.900000 0.821359 0.200000 0.067961
