0 0.265000 0.203398 0.160000 0.117476
0 0.415000 0.195631 0.160000 0.117476
0 0.563333 0.191748 0.160000 0.117476
0 0.710000 0.189806 0.160000 0.117476
0 0.868333 0.177184 0.163333 0.127184
0 0.280000 0.409709 0.153333 0.124272
0 0.433333 0.409709 0.153333 0.124272
0 0.581667 0.407767 0.153333 0.124272
0 0.736667 0.410680 0.153333 0.124272
0 0.893333 0.400000 0.153333 0.124272
0 0.285000 0.654369 0.153333 0.124272
0 0.440000 0.655340 0.153333 0.124272
0 0.886667 0.645631 0.153333 0.124272
0 0.320833 0.874272 0.181667 0.154369
0 0.517500 0.867476 0.181667 0.154369
0 0.708333 0.820388 0.186667 0.067961
0 0.901667 0.818447 0.186667 0.067961
