0 0.473333 0.220874 0.160000 0.119417
0 0.623333 0.213107 0.160000 0.119417
0 0.778333 0.206311 0.160000 0.119417
0 0.203333 0.433495 0.160000 0.119417
0 0.360000 0.437379 0.160000 0.119417
0 0.508333 0.436408 0.160000 0.119417
0 0.665000 0.428641 0.160000 0.119417
0 0.818333 0.427670 0.160000 0.119417
0 0.223333 0.692718 0.160000 0.119417
0 0.375000 0.685922 0.160000 0.119417
0 0.515000 0.682039 0.160000 0.119417
0 0.688333 0.674272 0.160000 0.119417
0 0.831667 0.673301 0.160000 0.119417
0 0.256667 0.900485 0.203333 0.156311
0 0.446667 0.888835 0.203333 0.156311
0 0.650000 0.842718 0.206667 0.077670
0 0.848333 0.833981 0.206667 0.077670
