0 0.270000 0.204854 0.156667 0.122330
0 0.413333 0.200000 0.156667 0.122330
0 0.561667 0.199029 0.156667 0.122330
0 0.705000 0.195146 0.156667 0.122330
0 0.863333 0.174757 0.156667 0.122330
0 0.283333 0.410680 0.156667 0.122330
0 0.428333 0.407767 0.156667 0.122330
0 0.576667 0.408738 0.156667 0.122330
0 0.738333 0.406796 0.156667 0.122330
0 0.886667 0.401942 0.156667 0.122330
0 0.288333 0.663107 0.156667 0.122330
0 0.438333 0.666019 0.156667 0.122330
0 0.581667 0.657282 0.156667 0.122330
0 0.319167 0.874757 0.205000 0.157282
0 0.517500 0.871845 0.205000 0.157282
0 0.718333 0.824272 0.203333 0.066019
0 0.898333 0.821359 0.203333 0.066019
