0 0.248333 0.232524 0.153333 0.121359
0 0.398333 0.220874 0.153333 0.121359
0 0.551667 0.216019 0.153333 0.121359
0 0.255000 0.440291 0.153333 0.121359
0 0.413333 0.437379 0.153333 0.121359
0 0.568333 0.438350 0.153333 0.121359
0 0.711667 0.435437 0.153333 0.121359
0 0.865000 0.428641 0.153333 0.121359
0 0.280000 0.691748 0.153333 0.121359
0 0.435000 0.689806 0.153333 0.121359
0 0.580000 0.686893 0.153333 0.121359
0 0.726667 0.678155 0.153333 0.121359
0 0.875000 0.670388 0.153333 0.121359
0 0.309167 0.898058 0.198333 0.161165
0 0.499167 0.895146 0.198333 0.161165
0 0.694167 0.844175 0.201667 0.068932
0 0.897500 0.841262 0.201667 0.068932
