0 0.190000 0.224757 0.153333 0.109709
0 0.343333 0.218932 0.153333 0.109709
0 0.777500 0.208252 0.158333 0.131068
0 0.202500 0.438350 0.158333 0.131068
0 0.360833 0.435437 0.158333 0.131068
0 0.514167 0.433495 0.158333 0.131068
0 0.664167 0.423786 0.158333 0.131068
0 0.809167 0.421845 0.158333 0.131068
0 0.227500 0.686893 0.158333 0.131068
0 0.375833 0.683010 0.158333 0.131068
0 0.525833 0.677184 0.158333 0.131068
0 0.682500 0.666505 0.158333 0.131068
0 0.820833 0.663592 0.158333 0.131068
0 0.255000 0.901942 0.200000 0.159223
0 0.446667 0.897087 0.200000 0.159223
0 0.647500 0.842233 0.198333 0.066990
0 0.852500 0.839320 0.198333 0.066990
0 0.849167 0.837379 0.198333 0.066990
