0 0.190000 0.225243 0.163333 0.116505
0 0.350000 0.222330 0.163333 0.116505
0 0.778333 0.208738 0.163333 0.116505
0 0.210000 0.437864 0.163333 0.116505
0 0.366667 0.434951 0.163333 0.116505
0 0.520000 0.433981 0.163333 0.116505
0 0.665000 0.432039 0.163333 0.116505
0 0.821667 0.424272 0.163333 0.116505
0 0.226667 0.685437 0.163333 0.116505
0 0.376667 0.686408 0.163333 0.116505
0 0.533333 0.678641 0.163333 0.116505
0 0.673333 0.674757 0.163333 0.116505
0 0.815000 0.666990 0.150000 0.114563
0 0.253333 0.900000 0.203333 0.147573
0 0.451667 0.897087 0.203333 0.147573
0 0.650833 0.844660 0.195000 0.066019
0 0.849167 0.839806 0.195000 0.066019
