0 0.476667 0.218932 0.160000 0.117476
0 0.626667 0.214078 0.160000 0.117476
0 0.780000 0.210194 0.160000 0.117476
0 0.198333 0.435437 0.160000 0.117476
0 0.361667 0.438350 0.160000 0.117476
0 0.513333 0.432524 0.160000 0.117476
0 0.660000 0.418932 0.160000 0.117476
0 0.820000 0.424757 0.160000 0.117476
0 0.231667 0.687864 0.160000 0.117476
0 0.381667 0.680097 0.160000 0.117476
0 0.511667 0.680097 0.160000 0.117476
0 0.655000 0.669417 0.160000 0.117476
0 0.808333 0.667476 0.160000 0.117476
0 0.254167 0.896117 0.188333 0.153398
0 0.444167 0.894175 0.188333 0.153398
0 0.650000 0.842718 0.193333 0.073786
0 0.853333 0.843689 0.193333 0.073786
