0 0.205000 0.183495 0.160000 0.116505
0 0.360000 0.180583 0.160000 0.116505
0 0.503333 0.175728 0.160000 0.116505
0 0.645000 0.175728 0.160000 0.116505
0 0.810000 0.174757 0.160000 0.116505
0 0.211667 0.393204 0.160000 0.116505
0 0.365000 0.400000 0.160000 0.116505
0 0.520000 0.394175 0.160000 0.116505
0 0.678333 0.393204 0.160000 0.116505
0 0.826667 0.393204 0.160000 0.116505
0 0.203333 0.648544 0.160000 0.116505
0 0.361667 0.645631 0.160000 0.116505
0 0.518333 0.640777 0.160000 0.116505
0 0.675000 0.640777 0.160000 0.116505
0 0.815000 0.633981 0.160000 0.116505
0 0.635833 0.813107 0.201667 0.076699
0 0.837500 0.805340 0.201667 0.076699
