0 0.253333 0.199029 0.156667 0.110680
0 0.408333 0.199029 0.156667 0.110680
0 0.541667 0.197087 0.156667 0.110680
0 0.696667 0.193204 0.156667 0.110680
0 0.855833 0.176214 0.168333 0.121359
0 0.268333 0.415534 0.150000 0.128155
0 0.418333 0.413592 0.150000 0.128155
0 0.573333 0.410680 0.150000 0.128155
0 0.726667 0.405825 0.150000 0.128155
0 0.880000 0.403883 0.150000 0.128155
0 0.581667 0.649515 0.150000 0.128155
0 0.730000 0.645631 0.150000 0.128155
0 0.880000 0.643689 0.150000 0.128155
0 0.307500 0.878641 0.198333 0.143689
0 0.509167 0.874757 0.198333 0.143689
0 0.703333 0.823786 0.193333 0.063107
0 0.903333 0.817961 0.193333 0.063107
