0 0.203333 0.182524 0.146667 0.112621
0 0.350000 0.178641 0.146667 0.112621
0 0.501667 0.175728 0.146667 0.112621
0 0.643333 0.178641 0.146667 0.112621
0 0.813333 0.172816 0.146667 0.112621
0 0.212500 0.397087 0.141667 0.116505
0 0.364167 0.396117 0.141667 0.116505
0 0.514167 0.396117 0.141667 0.116505
0 0.664167 0.392233 0.141667 0.116505
0 0.835833 0.391262 0.141667 0.116505
0 0.209167 0.656311 0.141667 0.116505
0 0.364167 0.643689 0.141667 0.116505
0 0.517500 0.641748 0.141667 0.116505
0 0.667500 0.638835 0.141667 0.116505
0 0.807500 0.636893 0.141667 0.116505
0 0.630833 0.812621 0.178333 0.073786
0 0.834167 0.807767 0.178333 0.073786
