0 0.255000 0.234466 0.173333 0.113592
0 0.400833 0.231553 0.148333 0.111650
0 0.550833 0.227670 0.148333 0.111650
0 0.689167 0.222816 0.148333 0.111650
0 0.846667 0.210194 0.160000 0.123301
0 0.571667 0.435437 0.160000 0.123301
0 0.728333 0.428641 0.160000 0.123301
0 0.878333 0.421845 0.160000 0.123301
0 0.271667 0.695631 0.160000 0.123301
0 0.425000 0.688835 0.160000 0.123301
0 0.580000 0.683010 0.160000 0.123301
0 0.726667 0.675243 0.160000 0.123301
0 0.723333 0.673301 0.160000 0.123301
0 0.302500 0.906796 0.191667 0.157282
0 0.507500 0.893204 0.191667 0.157282
0 0.714167 0.842233 0.198333 0.072816
0 0.900833 0.839320 0.198333 0.072816
