0 0.262500 0.201456 0.155000 0.119417
0 0.417500 0.194660 0.155000 0.119417
0 0.565833 0.194660 0.155000 0.119417
0 0.707500 0.190777 0.155000 0.119417
0 0.866667 0.175728 0.170000 0.132039
0 0.282500 0.414078 0.145000 0.125243
0 0.434167 0.409223 0.145000 0.125243
0 0.580833 0.407282 0.145000 0.125243
0 0.729167 0.408252 0.145000 0.125243
0 0.890833 0.397573 0.145000 0.125243
0 0.292500 0.662621 0.145000 0.125243
0 0.439167 0.652913 0.145000 0.125243
0 0.885833 0.644175 0.145000 0.125243
0 0.317500 0.875728 0.181667 0.151456
0 0.510833 0.870874 0.181667 0.151456
0 0.711667 0.820874 0.196667 0.065049
0 0.901667 0.816990 0.196667 0.065049
