0 0.245000 0.224757 0.156667 0.111650
0 0.393333 0.221845 0.143333 0.119417
0 0.545000 0.217961 0.143333 0.119417
0 0.690000 0.216990 0.143333 0.119417
0 0.845833 0.208738 0.151667 0.126214
0 0.269167 0.438835 0.151667 0.126214
0 0.425833 0.435922 0.151667 0.126214
0 0.859167 0.418447 0.151667 0.126214
0 0.272500 0.685437 0.151667 0.126214
0 0.427500 0.685437 0.151667 0.126214
0 0.575833 0.677670 0.151667 0.126214
0 0.722500 0.666990 0.151667 0.126214
0 0.882500 0.666990 0.151667 0.126214
0 0.301667 0.900971 0.183333 0.153398
0 0.498333 0.895146 0.183333 0.153398
0 0.710000 0.843204 0.190000 0.068932
0 0.905000 0.844175 0.190000 0.068932
