0 0.405833 0.202427 0.158333 0.113592
0 0.550833 0.200485 0.158333 0.113592
0 0.690833 0.192233 0.138333 0.122330
0 0.854167 0.178641 0.168333 0.122330
0 0.266667 0.411650 0.150000 0.130097
0 0.425000 0.409709 0.150000 0.130097
0 0.571667 0.409709 0.150000 0.130097
0 0.721667 0.406796 0.150000 0.130097
0 0.883333 0.399029 0.150000 0.130097
0 0.581667 0.653398 0.150000 0.130097
0 0.733333 0.648544 0.150000 0.130097
0 0.881667 0.651456 0.150000 0.130097
0 0.306667 0.873786 0.190000 0.151456
0 0.500000 0.873786 0.190000 0.151456
0 0.700000 0.820874 0.190000 0.076699
0 0.885000 0.817961 0.190000 0.076699
