0 0.244167 0.230583 0.165000 0.115534
0 0.395833 0.222816 0.165000 0.115534
0 0.552500 0.214078 0.165000 0.115534
0 0.259167 0.440291 0.165000 0.115534
0 0.415000 0.436408 0.150000 0.117476
0 0.568333 0.434466 0.150000 0.117476
0 0.716667 0.431553 0.150000 0.117476
0 0.865000 0.422816 0.150000 0.117476
0 0.278333 0.687864 0.150000 0.117476
0 0.425000 0.685922 0.150000 0.117476
0 0.575000 0.683010 0.150000 0.117476
0 0.721667 0.685922 0.150000 0.117476
0 0.873333 0.672330 0.150000 0.117476
0 0.305833 0.901942 0.181667 0.147573
0 0.495833 0.891262 0.181667 0.147573
0 0.694167 0.844660 0.181667 0.067961
0 0.889167 0.842718 0.181667 0.067961
