0 0.092105 0.217925 0.173684 0.137736
0 0.252632 0.216038 0.157895 0.132075
0 0.415789 0.213208 0.157895 0.128302
0 0.569298 0.210377 0.156140 0.130189
0 0.732456 0.211321 0.156140 0.132075
0 0.119298 0.422170 0.161404 0.129245
0 0.286842 0.422642 0.152632 0.132075
0 0.442982 0.421698 0.152632 0.132075
0 0.599123 0.413208 0.152632 0.132075
0 0.746491 0.415094 0.152632 0.132075
0 0.145614 0.665094 0.147368 0.120755
0 0.308772 0.660377 0.147368 0.120755
0 0.468421 0.656604 0.147368 0.120755
0 0.610526 0.653774 0.147368 0.120755
0 0.759649 0.645283 0.147368 0.120755
0 0.168421 0.868396 0.207018 0.151887
0 0.378947 0.863679 0.207018 0.151887
0 0.582456 0.814151 0.217544 0.067925
0 0.784211 0.814151 0.217544 0.067925
