0 0.114035 0.208491 0.164912 0.124528
0 0.438596 0.204245 0.150877 0.127358
0 0.594737 0.202358 0.150877 0.127358
0 0.747368 0.198585 0.150877 0.127358
0 0.139474 0.417453 0.170175 0.129245
0 0.311404 0.415566 0.170175 0.129245
0 0.461404 0.417453 0.150877 0.127358
0 0.618421 0.407075 0.170175 0.129245
0 0.771930 0.402830 0.154386 0.124528
0 0.164912 0.656604 0.154386 0.124528
0 0.321053 0.660377 0.154386 0.124528
0 0.478947 0.651887 0.154386 0.124528
0 0.638596 0.648113 0.154386 0.124528
0 0.789474 0.642453 0.154386 0.124528
0 0.191228 0.866038 0.217544 0.154717
0 0.395614 0.861321 0.194737 0.152830
0 0.601754 0.813679 0.207018 0.065094
0 0.808772 0.807075 0.207018 0.065094
