0 0.102632 0.211321 0.170175 0.139623
0 0.278070 0.209434 0.170175 0.139623
0 0.434211 0.205660 0.170175 0.139623
0 0.595614 0.203302 0.159649 0.140566
0 0.753509 0.203302 0.149123 0.138679
0 0.130702 0.418396 0.149123 0.138679
0 0.307895 0.416509 0.149123 0.138679
0 0.474561 0.414623 0.149123 0.138679
0 0.621930 0.410849 0.149123 0.138679
0 0.774561 0.412736 0.149123 0.138679
0 0.167544 0.661321 0.138596 0.122642
0 0.327193 0.659434 0.138596 0.122642
0 0.476316 0.652830 0.138596 0.122642
0 0.625439 0.648113 0.138596 0.122642
0 0.621930 0.646226 0.138596 0.122642
0 0.778070 0.643396 0.138596 0.122642
0 0.199123 0.866981 0.219298 0.149057
0 0.402632 0.864151 0.194737 0.150943
0 0.604386 0.814151 0.194737 0.066038
0 0.809649 0.806604 0.194737 0.066038
