0 0.095614 0.216509 0.184211 0.140566
0 0.290351 0.213679 0.184211 0.140566
0 0.441228 0.210849 0.184211 0.140566
0 0.599123 0.205189 0.184211 0.140566
0 0.762281 0.203302 0.184211 0.140566
0 0.135965 0.416509 0.156140 0.142453
0 0.305263 0.411792 0.178947 0.136792
0 0.476316 0.418396 0.152632 0.136792
0 0.632456 0.416509 0.152632 0.142453
0 0.788596 0.410849 0.152632 0.142453
0 0.172807 0.662736 0.159649 0.131132
0 0.332456 0.659906 0.159649 0.131132
0 0.478070 0.648585 0.159649 0.131132
0 0.641228 0.646698 0.159649 0.131132
0 0.793860 0.646698 0.159649 0.131132
0 0.194737 0.863208 0.214035 0.154717
0 0.405263 0.864151 0.214035 0.154717
0 0.606140 0.814151 0.187719 0.066038
0 0.806140 0.811321 0.187719 0.066038
