18 0.202632 0.249057 0.166667 0.109434
18 0.346491 0.248113 0.166667 0.109434
18 0.492105 0.246226 0.166667 0.109434
18 0.634211 0.248113 0.166667 0.109434
18 0.793860 0.248113 0.166667 0.109434
18 0.218421 0.436792 0.166667 0.109434
18 0.369298 0.438679 0.166667 0.109434
18 0.537719 0.440566 0.166667 0.109434
18 0.641228 0.439623 0.166667 0.109434
18 0.793860 0.434906 0.166667 0.109434
18 0.218421 0.648113 0.166667 0.109434
18 0.385088 0.650943 0.166667 0.109434
18 0.550000 0.653774 0.166667 0.109434
18 0.678070 0.648113 0.166667 0.109434
18 0.802632 0.648113 0.166667 0.109434
18 0.239474 0.840566 0.166667 0.109434
18 0.425439 0.841509 0.166667 0.109434
18 0.614912 0.823585 0.166667 0.109434
18 0.793860 0.826415 0.166667 0.109434
