0 0.099123 0.215094 0.173684 0.135849
0 0.273684 0.213208 0.164912 0.132075
0 0.595614 0.206132 0.149123 0.134906
0 0.433333 0.209906 0.164912 0.134906
0 0.750877 0.199528 0.147368 0.129245
0 0.143860 0.416509 0.157895 0.127358
0 0.301754 0.414623 0.157895 0.127358
0 0.459649 0.416509 0.157895 0.127358
0 0.621053 0.408962 0.157895 0.127358
0 0.771930 0.406132 0.157895 0.127358
0 0.152632 0.660849 0.157895 0.127358
0 0.317544 0.657075 0.157895 0.127358
0 0.489474 0.655189 0.157895 0.127358
0 0.635088 0.646698 0.157895 0.127358
0 0.796491 0.643868 0.157895 0.127358
0 0.191228 0.868868 0.217544 0.160377
0 0.407018 0.864151 0.217544 0.160377
0 0.613158 0.815566 0.191228 0.070755
0 0.807895 0.806132 0.191228 0.070755
