0 0.194737 0.256604 0.143860 0.113208
0 0.345614 0.256604 0.143860 0.113208
0 0.494737 0.253774 0.143860 0.113208
0 0.622807 0.256604 0.143860 0.113208
0 0.775439 0.258491 0.143860 0.113208
0 0.201754 0.440566 0.143860 0.113208
0 0.356140 0.445283 0.143860 0.113208
0 0.501754 0.446226 0.143860 0.113208
0 0.631579 0.442453 0.143860 0.113208
0 0.784211 0.440566 0.143860 0.113208
0 0.222807 0.662264 0.143860 0.113208
0 0.371930 0.665094 0.143860 0.113208
0 0.508772 0.662264 0.143860 0.113208
0 0.649123 0.662264 0.143860 0.113208
0 0.785965 0.659434 0.143860 0.113208
0 0.238596 0.853302 0.178947 0.140566
0 0.417544 0.846698 0.178947 0.140566
0 0.610526 0.807547 0.189474 0.062264
0 0.803509 0.806604 0.189474 0.062264
