0 0.107018 0.214151 0.171930 0.133962
0 0.757895 0.206604 0.171930 0.133962
0 0.143860 0.424528 0.171930 0.133962
0 0.321053 0.417925 0.171930 0.133962
0 0.459649 0.417925 0.171930 0.133962
0 0.626316 0.415094 0.171930 0.133962
0 0.778947 0.403774 0.171930 0.133962
0 0.161404 0.663208 0.171930 0.133962
0 0.329825 0.654717 0.171930 0.133962
0 0.489474 0.653774 0.171930 0.133962
0 0.640351 0.645283 0.171930 0.133962
0 0.812281 0.643396 0.171930 0.133962
0 0.271930 0.207547 0.171930 0.133962
0 0.443860 0.204717 0.171930 0.133962
0 0.605263 0.200000 0.171930 0.133962
0 0.189474 0.865566 0.217544 0.155660
0 0.405263 0.859906 0.217544 0.155660
0 0.614912 0.813679 0.212281 0.068868
0 0.821930 0.807075 0.180702 0.063208
