0 0.108772 0.208491 0.168421 0.128302
0 0.277193 0.207547 0.168421 0.128302
0 0.436842 0.200000 0.168421 0.128302
0 0.591228 0.198113 0.168421 0.128302
0 0.750877 0.197170 0.168421 0.128302
0 0.135088 0.412264 0.168421 0.128302
0 0.317544 0.415094 0.168421 0.128302
0 0.471930 0.415094 0.168421 0.128302
0 0.635088 0.411321 0.168421 0.128302
0 0.792982 0.406604 0.168421 0.128302
0 0.173684 0.653774 0.168421 0.128302
0 0.321053 0.655660 0.168421 0.128302
0 0.482456 0.649057 0.168421 0.128302
0 0.633333 0.647170 0.168421 0.128302
0 0.801754 0.641509 0.168421 0.128302
0 0.194737 0.868396 0.200000 0.155660
0 0.394737 0.860849 0.200000 0.155660
0 0.603509 0.856132 0.200000 0.155660
0 0.815789 0.854245 0.200000 0.155660
