0 0.192982 0.254717 0.157895 0.111321
0 0.349123 0.251887 0.157895 0.111321
0 0.494737 0.250000 0.157895 0.111321
0 0.628070 0.250943 0.157895 0.111321
0 0.787719 0.252830 0.157895 0.111321
0 0.210526 0.444340 0.157895 0.111321
0 0.368421 0.447170 0.157895 0.111321
0 0.515789 0.443396 0.157895 0.111321
0 0.643860 0.438679 0.157895 0.111321
0 0.791228 0.437736 0.157895 0.111321
0 0.226316 0.659434 0.157895 0.111321
0 0.373684 0.659434 0.133333 0.107547
0 0.507018 0.660849 0.129825 0.104717
0 0.646491 0.658962 0.124561 0.108491
0 0.778070 0.658019 0.124561 0.108491
0 0.239474 0.853774 0.187719 0.137736
0 0.435965 0.850943 0.187719 0.137736
0 0.622807 0.810377 0.178947 0.060377
0 0.800000 0.808491 0.178947 0.060377
