0 0.095614 0.213208 0.166667 0.135849
0 0.241228 0.208491 0.166667 0.135849
0 0.418421 0.208491 0.166667 0.135849
0 0.572807 0.197170 0.166667 0.135849
0 0.721930 0.194340 0.166667 0.135849
0 0.118421 0.413208 0.166667 0.135849
0 0.286842 0.410377 0.166667 0.135849
0 0.439474 0.411321 0.166667 0.135849
0 0.597368 0.408491 0.166667 0.135849
0 0.757018 0.407547 0.166667 0.135849
0 0.154386 0.658491 0.164912 0.124528
0 0.310526 0.651887 0.164912 0.124528
0 0.468421 0.647170 0.164912 0.124528
0 0.616667 0.640094 0.145614 0.121698
0 0.784211 0.640566 0.157895 0.120755
0 0.167544 0.861321 0.208772 0.152830
0 0.385965 0.862264 0.203509 0.158491
0 0.585965 0.812736 0.196491 0.070755
0 0.796491 0.808019 0.196491 0.070755
