0 0.192105 0.253302 0.142105 0.112264
0 0.341228 0.257075 0.142105 0.112264
0 0.485088 0.256132 0.142105 0.112264
0 0.630702 0.257075 0.142105 0.114151
0 0.769298 0.255189 0.142105 0.114151
0 0.209649 0.441038 0.142105 0.114151
0 0.360526 0.441981 0.142105 0.114151
0 0.502632 0.443868 0.142105 0.114151
0 0.648246 0.442925 0.142105 0.114151
0 0.788596 0.442925 0.142105 0.114151
0 0.232456 0.663679 0.142105 0.114151
0 0.371053 0.663679 0.142105 0.114151
0 0.511404 0.656132 0.142105 0.114151
0 0.653509 0.659906 0.142105 0.114151
0 0.797368 0.654245 0.142105 0.114151
0 0.240351 0.851415 0.196491 0.142453
0 0.423684 0.850472 0.180702 0.140566
0 0.610526 0.808019 0.182456 0.061321
0 0.792982 0.807075 0.182456 0.061321
