0 0.264912 0.206604 0.161404 0.126415
0 0.436842 0.206604 0.161404 0.126415
0 0.589474 0.198113 0.161404 0.126415
0 0.747368 0.200943 0.161404 0.126415
0 0.140351 0.416981 0.161404 0.126415
0 0.303509 0.417925 0.161404 0.126415
0 0.464912 0.411321 0.161404 0.126415
0 0.621053 0.407075 0.140351 0.117925
0 0.773684 0.405189 0.140351 0.117925
0 0.175439 0.660849 0.140351 0.117925
0 0.322807 0.653302 0.140351 0.117925
0 0.475439 0.650472 0.140351 0.117925
0 0.631579 0.649057 0.140351 0.118868
0 0.773684 0.647170 0.140351 0.118868
0 0.184211 0.864151 0.210526 0.164151
0 0.394737 0.865094 0.210526 0.164151
0 0.607895 0.812264 0.205263 0.069811
0 0.817544 0.807547 0.196491 0.066038
