0 0.115789 0.210849 0.171930 0.136792
0 0.282456 0.208019 0.171930 0.136792
0 0.433333 0.208019 0.171930 0.136792
0 0.601754 0.207075 0.171930 0.136792
0 0.752632 0.203302 0.171930 0.136792
0 0.133333 0.417453 0.171930 0.136792
0 0.314035 0.418396 0.171930 0.136792
0 0.463158 0.415566 0.171930 0.136792
0 0.631579 0.413679 0.171930 0.136792
0 0.778947 0.409906 0.171930 0.136792
0 0.166667 0.662736 0.171930 0.136792
0 0.328070 0.657075 0.150877 0.134906
0 0.482456 0.654245 0.150877 0.133019
0 0.640351 0.653302 0.150877 0.133019
0 0.803509 0.651415 0.150877 0.133019
0 0.198246 0.869811 0.214035 0.160377
0 0.407018 0.866981 0.196491 0.164151
0 0.614912 0.812736 0.208772 0.068868
0 0.838596 0.806132 0.217544 0.068868
