18 0.153509 0.242453 0.166667 0.109434
18 0.311404 0.245283 0.145614 0.115094
18 0.453509 0.245755 0.138596 0.114151
18 0.593860 0.244340 0.142105 0.109434
18 0.735965 0.247170 0.142105 0.116981
18 0.174561 0.431604 0.156140 0.117925
18 0.327193 0.434906 0.142105 0.113208
18 0.468421 0.431604 0.136842 0.108491
18 0.605263 0.432075 0.136842 0.103774
18 0.748246 0.433962 0.152632 0.107547
18 0.191228 0.653774 0.147368 0.116981
18 0.330702 0.652830 0.145614 0.113208
18 0.472807 0.652830 0.135088 0.115094
18 0.605263 0.650943 0.129825 0.109434
18 0.744737 0.649528 0.131579 0.104717
18 0.199123 0.839151 0.191228 0.133019
18 0.384211 0.838679 0.178947 0.139623
18 0.571930 0.799057 0.196491 0.060377
18 0.762281 0.797170 0.180702 0.056604
