0 0.188596 0.249057 0.156140 0.120755
0 0.335965 0.254717 0.156140 0.120755
0 0.493860 0.253774 0.156140 0.120755
0 0.637719 0.254717 0.156140 0.120755
0 0.783333 0.254717 0.156140 0.120755
0 0.206140 0.437736 0.156140 0.120755
0 0.360526 0.443396 0.156140 0.120755
0 0.509649 0.442453 0.156140 0.120755
0 0.655263 0.437736 0.156140 0.120755
0 0.797368 0.438679 0.156140 0.120755
0 0.218421 0.660377 0.156140 0.120755
0 0.374561 0.659434 0.156140 0.120755
0 0.506140 0.656604 0.156140 0.120755
0 0.639474 0.654717 0.156140 0.120755
0 0.797368 0.655660 0.156140 0.120755
0 0.239474 0.851887 0.177193 0.132075
0 0.425439 0.848113 0.177193 0.132075
0 0.615789 0.809434 0.185965 0.058491
0 0.798246 0.806604 0.185965 0.058491
