0 0.113158 0.205189 0.163158 0.131132
0 0.307895 0.411792 0.163158 0.131132
0 0.467544 0.413679 0.163158 0.131132
0 0.628947 0.408962 0.163158 0.131132
0 0.785088 0.407075 0.163158 0.131132
0 0.162281 0.659906 0.163158 0.131132
0 0.327193 0.651415 0.163158 0.131132
0 0.485088 0.651415 0.163158 0.131132
0 0.648246 0.649528 0.163158 0.131132
0 0.806140 0.644811 0.163158 0.131132
0 0.285088 0.207075 0.163158 0.131132
0 0.420175 0.207075 0.163158 0.131132
0 0.588596 0.199528 0.163158 0.131132
0 0.755263 0.198585 0.163158 0.131132
0 0.132456 0.413679 0.163158 0.131132
0 0.191228 0.866038 0.214035 0.154717
0 0.408772 0.863208 0.214035 0.154717
0 0.614035 0.815566 0.189474 0.066981
0 0.807018 0.811792 0.189474 0.066981
