0 0.107018 0.214623 0.164912 0.138679
0 0.264912 0.211792 0.164912 0.138679
0 0.419298 0.212736 0.164912 0.138679
0 0.580702 0.207075 0.164912 0.138679
0 0.747368 0.199528 0.164912 0.138679
0 0.142105 0.411792 0.164912 0.138679
0 0.308772 0.421698 0.150877 0.133962
0 0.463158 0.420755 0.147368 0.135849
0 0.624561 0.420283 0.164912 0.138679
0 0.785965 0.412736 0.164912 0.138679
0 0.171930 0.665566 0.175439 0.127358
0 0.338596 0.657075 0.164912 0.138679
0 0.484211 0.652358 0.147368 0.144340
0 0.636842 0.648585 0.154386 0.129245
0 0.799123 0.643868 0.170175 0.121698
0 0.192982 0.866509 0.210526 0.151887
0 0.405263 0.860849 0.210526 0.151887
0 0.605263 0.811792 0.200000 0.068868
0 0.815789 0.810849 0.200000 0.068868
