0 0.108772 0.214623 0.171930 0.146226
0 0.278947 0.214623 0.171930 0.146226
0 0.435088 0.214623 0.171930 0.146226
0 0.591228 0.213679 0.171930 0.146226
0 0.756140 0.205189 0.171930 0.146226
0 0.133333 0.416509 0.171930 0.146226
0 0.308772 0.417453 0.171930 0.146226
0 0.466667 0.414151 0.154386 0.137736
0 0.624561 0.412264 0.154386 0.137736
0 0.782456 0.405660 0.154386 0.137736
0 0.171930 0.662264 0.154386 0.137736
0 0.324561 0.663208 0.154386 0.137736
0 0.484211 0.659434 0.154386 0.137736
0 0.631579 0.654717 0.154386 0.137736
0 0.789474 0.648113 0.154386 0.137736
0 0.196491 0.859906 0.207018 0.157547
0 0.403509 0.858962 0.207018 0.157547
0 0.607018 0.812736 0.185965 0.061321
0 0.810526 0.807547 0.207018 0.060377
