0 0.193860 0.253774 0.149123 0.113208
0 0.348246 0.250000 0.149123 0.113208
0 0.344737 0.248113 0.149123 0.113208
0 0.493860 0.250943 0.149123 0.113208
0 0.639474 0.253774 0.149123 0.113208
0 0.778070 0.255660 0.149123 0.113208
0 0.218421 0.442453 0.149123 0.113208
0 0.367544 0.447170 0.149123 0.113208
0 0.509649 0.447170 0.149123 0.113208
0 0.646491 0.447170 0.149123 0.113208
0 0.790351 0.445283 0.149123 0.113208
0 0.214912 0.665094 0.149123 0.113208
0 0.365789 0.661321 0.149123 0.113208
0 0.523684 0.657547 0.149123 0.113208
0 0.658772 0.659434 0.149123 0.113208
0 0.790351 0.657547 0.149123 0.113208
0 0.235965 0.852358 0.191228 0.142453
0 0.434211 0.847642 0.191228 0.142453
0 0.618421 0.806604 0.180702 0.060377
0 0.804386 0.806604 0.180702 0.060377
