0 0.105263 0.211321 0.168421 0.139623
0 0.273684 0.211321 0.168421 0.139623
0 0.435088 0.210377 0.168421 0.139623
0 0.598246 0.203774 0.168421 0.139623
0 0.754386 0.202830 0.168421 0.139623
0 0.136842 0.416981 0.168421 0.139623
0 0.310526 0.419811 0.168421 0.139623
0 0.470175 0.417925 0.168421 0.139623
0 0.621053 0.411792 0.154386 0.134906
0 0.771053 0.407075 0.152632 0.134906
0 0.171053 0.660849 0.152632 0.134906
0 0.334211 0.656132 0.152632 0.134906
0 0.485088 0.654245 0.152632 0.134906
0 0.644737 0.653302 0.152632 0.134906
0 0.797368 0.647642 0.152632 0.134906
0 0.198246 0.862736 0.210526 0.155660
0 0.408772 0.855189 0.210526 0.155660
0 0.610526 0.814151 0.200000 0.073585
0 0.815789 0.804717 0.200000 0.073585
