0 0.192982 0.257547 0.147368 0.113208
0 0.352632 0.257547 0.147368 0.113208
0 0.482456 0.254717 0.147368 0.113208
0 0.622807 0.254717 0.147368 0.113208
0 0.773684 0.257547 0.147368 0.113208
0 0.214035 0.435849 0.147368 0.113208
0 0.359649 0.443396 0.147368 0.113208
0 0.500000 0.440566 0.147368 0.113208
0 0.649123 0.443396 0.147368 0.113208
0 0.789474 0.440566 0.147368 0.113208
0 0.226316 0.664151 0.147368 0.113208
0 0.373684 0.665094 0.147368 0.113208
0 0.515789 0.665094 0.147368 0.113208
0 0.650877 0.658491 0.147368 0.113208
0 0.798246 0.658491 0.147368 0.113208
0 0.241228 0.849057 0.184211 0.135849
0 0.418421 0.847170 0.184211 0.135849
0 0.609649 0.804717 0.184211 0.062264
0 0.800877 0.807547 0.184211 0.062264
