0 0.107018 0.207075 0.171930 0.133019
0 0.271930 0.215566 0.171930 0.133019
0 0.440351 0.207075 0.171930 0.133019
0 0.598246 0.202358 0.171930 0.133019
0 0.764912 0.204245 0.171930 0.133019
0 0.129825 0.418396 0.171930 0.133019
0 0.310526 0.417453 0.171930 0.133019
0 0.470175 0.406604 0.157895 0.128302
0 0.621053 0.412736 0.157895 0.125472
0 0.780702 0.403302 0.157895 0.125472
0 0.164912 0.658019 0.157895 0.125472
0 0.326316 0.647642 0.157895 0.125472
0 0.492105 0.650000 0.149123 0.132075
0 0.635965 0.650943 0.149123 0.128302
0 0.799123 0.644340 0.149123 0.128302
0 0.194737 0.865094 0.214035 0.154717
0 0.405263 0.865094 0.214035 0.154717
0 0.612281 0.809906 0.203509 0.065094
0 0.817544 0.807075 0.203509 0.065094
