0 0.108772 0.215094 0.168421 0.147170
0 0.280702 0.216038 0.168421 0.147170
0 0.594737 0.211321 0.168421 0.147170
0 0.428070 0.210377 0.168421 0.147170
0 0.754386 0.209434 0.168421 0.147170
0 0.314035 0.422170 0.147368 0.129245
0 0.768421 0.410377 0.164912 0.132075
0 0.614035 0.414151 0.164912 0.132075
0 0.473684 0.416981 0.164912 0.132075
0 0.172807 0.667925 0.173684 0.126415
0 0.335965 0.662264 0.173684 0.126415
0 0.493860 0.657547 0.173684 0.126415
0 0.634211 0.649057 0.173684 0.126415
0 0.806140 0.647170 0.173684 0.126415
0 0.202632 0.866981 0.205263 0.158491
0 0.411404 0.861321 0.205263 0.158491
0 0.610526 0.812264 0.210526 0.066038
0 0.821053 0.808491 0.210526 0.066038
