0 0.187719 0.253302 0.157895 0.114151
0 0.342105 0.254717 0.147368 0.115094
0 0.484211 0.256604 0.147368 0.115094
0 0.629825 0.256604 0.147368 0.115094
0 0.775439 0.253774 0.147368 0.115094
0 0.214035 0.444340 0.157895 0.122642
0 0.368421 0.440566 0.136842 0.113208
0 0.507018 0.440566 0.136842 0.113208
0 0.645614 0.440566 0.136842 0.113208
0 0.784211 0.438679 0.136842 0.113208
0 0.214035 0.661321 0.136842 0.113208
0 0.371930 0.666038 0.136842 0.113208
0 0.503509 0.660377 0.136842 0.113208
0 0.650877 0.658491 0.136842 0.113208
0 0.787719 0.656604 0.136842 0.113208
0 0.241228 0.848113 0.187719 0.141509
0 0.427193 0.845283 0.187719 0.141509
0 0.609649 0.807547 0.187719 0.060377
0 0.806140 0.810377 0.187719 0.060377
