0 0.197368 0.256604 0.142105 0.111321
0 0.342982 0.254717 0.142105 0.111321
0 0.481579 0.252830 0.142105 0.111321
0 0.625439 0.254717 0.142105 0.111321
0 0.778070 0.250943 0.142105 0.111321
0 0.213158 0.443396 0.142105 0.111321
0 0.364035 0.440566 0.142105 0.111321
0 0.504386 0.438679 0.142105 0.111321
0 0.639474 0.446226 0.142105 0.111321
0 0.785088 0.435849 0.142105 0.111321
0 0.223684 0.669811 0.142105 0.111321
0 0.371053 0.667925 0.142105 0.111321
0 0.509649 0.657547 0.142105 0.111321
0 0.653509 0.659434 0.142105 0.111321
0 0.795614 0.654717 0.142105 0.111321
0 0.242982 0.856604 0.177193 0.147170
0 0.421930 0.855660 0.177193 0.147170
0 0.608772 0.807547 0.178947 0.060377
0 0.801754 0.808491 0.175439 0.056604
