0 0.159524 0.216296 0.147619 0.127407
0 0.614286 0.849630 0.176190 0.069630
0 0.421429 0.899259 0.161905 0.148148
0 0.230952 0.901481 0.195238 0.161481
0 0.761905 0.672593 0.147619 0.127407
0 0.619048 0.678519 0.147619 0.127407
0 0.490476 0.680000 0.147619 0.127407
0 0.345238 0.682963 0.147619 0.127407
0 0.202381 0.691852 0.147619 0.127407
0 0.321429 0.217778 0.147619 0.127407
0 0.461905 0.213333 0.147619 0.127407
0 0.600000 0.208889 0.147619 0.127407
0 0.742857 0.210370 0.147619 0.127407
0 0.792857 0.847407 0.171429 0.077037
