0 0.601190 0.848889 0.183333 0.074074
0 0.411905 0.892593 0.195238 0.158519
0 0.228571 0.894815 0.185714 0.154074
0 0.316667 0.435556 0.142857 0.127407
0 0.464286 0.428148 0.142857 0.127407
0 0.626190 0.428148 0.142857 0.127407
0 0.776190 0.423704 0.142857 0.127407
0 0.207143 0.685926 0.142857 0.127407
0 0.352381 0.684444 0.142857 0.127407
0 0.490476 0.681481 0.142857 0.127407
0 0.626190 0.682963 0.142857 0.127407
0 0.764286 0.671111 0.142857 0.127407
0 0.179762 0.437037 0.159524 0.127407
0 0.784524 0.845185 0.178571 0.069630
