0 0.180952 0.437037 0.138095 0.121481
0 0.233333 0.909630 0.190476 0.148148
0 0.333333 0.435556 0.138095 0.121481
0 0.492857 0.432593 0.138095 0.121481
0 0.630952 0.428148 0.138095 0.121481
0 0.773810 0.428148 0.138095 0.121481
0 0.216667 0.690370 0.138095 0.121481
0 0.352381 0.684444 0.138095 0.121481
0 0.485714 0.682963 0.138095 0.121481
0 0.623810 0.672593 0.138095 0.121481
0 0.759524 0.674074 0.138095 0.121481
0 0.420238 0.897037 0.169048 0.155556
0 0.601190 0.848148 0.178571 0.069630
0 0.784524 0.848148 0.178571 0.069630
