0 0.173810 0.228889 0.147619 0.125926
0 0.309524 0.214074 0.147619 0.125926
0 0.457143 0.215556 0.147619 0.125926
0 0.590476 0.209630 0.147619 0.125926
0 0.747619 0.212593 0.147619 0.125926
0 0.171429 0.431852 0.147619 0.125926
0 0.333333 0.434815 0.147619 0.125926
0 0.480952 0.425926 0.147619 0.125926
0 0.621429 0.414074 0.147619 0.125926
0 0.761905 0.418519 0.147619 0.125926
0 0.232143 0.902963 0.178571 0.161481
0 0.421429 0.894815 0.176190 0.174815
0 0.609524 0.847407 0.180952 0.071111
0 0.788095 0.845185 0.176190 0.075556
