0 0.172619 0.227407 0.135714 0.131852
0 0.598810 0.208148 0.135714 0.131852
0 0.753571 0.203704 0.135714 0.131852
0 0.175000 0.442222 0.135714 0.131852
0 0.327381 0.428889 0.135714 0.131852
0 0.477381 0.422963 0.135714 0.131852
0 0.615476 0.417037 0.135714 0.131852
0 0.760714 0.417037 0.135714 0.131852
0 0.194048 0.691111 0.135714 0.131852
0 0.341667 0.691111 0.135714 0.131852
0 0.498810 0.683704 0.135714 0.131852
0 0.651190 0.683704 0.135714 0.131852
0 0.791667 0.670370 0.135714 0.131852
0 0.460714 0.211111 0.135714 0.131852
0 0.315476 0.217037 0.135714 0.131852
