0 0.172619 0.225926 0.154762 0.134815
0 0.322619 0.224444 0.154762 0.134815
0 0.475000 0.217037 0.154762 0.134815
0 0.605952 0.212593 0.154762 0.134815
0 0.741667 0.211111 0.154762 0.134815
0 0.175000 0.428889 0.154762 0.134815
0 0.334524 0.431852 0.154762 0.134815
0 0.475000 0.425926 0.154762 0.134815
0 0.622619 0.421481 0.154762 0.134815
0 0.760714 0.418519 0.154762 0.134815
0 0.234524 0.894815 0.183333 0.171852
0 0.422619 0.903704 0.183333 0.171852
0 0.607143 0.846667 0.171429 0.063704
0 0.790476 0.842222 0.171429 0.063704
