0 0.171429 0.220741 0.138095 0.121481
0 0.314286 0.219259 0.138095 0.121481
0 0.461905 0.210370 0.138095 0.121481
0 0.600000 0.211852 0.138095 0.121481
0 0.730952 0.208889 0.138095 0.121481
0 0.171429 0.426667 0.138095 0.121481
0 0.326190 0.429630 0.138095 0.121481
0 0.476190 0.416296 0.138095 0.121481
0 0.626190 0.423704 0.138095 0.121481
0 0.759524 0.411852 0.138095 0.121481
0 0.192857 0.691852 0.138095 0.121481
0 0.345238 0.680000 0.138095 0.121481
0 0.500000 0.677037 0.138095 0.121481
0 0.638095 0.674074 0.138095 0.121481
0 0.783333 0.668148 0.138095 0.121481
