0 0.170000 0.232039 0.163333 0.118447
0 0.315000 0.222330 0.163333 0.118447
0 0.483333 0.217476 0.163333 0.118447
0 0.615000 0.214563 0.163333 0.118447
0 0.780000 0.205825 0.163333 0.118447
0 0.196667 0.442718 0.163333 0.118447
0 0.365000 0.438835 0.163333 0.118447
0 0.516667 0.436893 0.163333 0.118447
0 0.655000 0.436893 0.163333 0.118447
0 0.820000 0.429126 0.163333 0.118447
0 0.215000 0.693204 0.163333 0.118447
0 0.365000 0.690291 0.163333 0.118447
0 0.525000 0.685437 0.163333 0.118447
0 0.670000 0.670874 0.163333 0.118447
0 0.821667 0.669903 0.163333 0.118447
0 0.263333 0.902913 0.190000 0.157282
0 0.443333 0.899029 0.190000 0.157282
0 0.650833 0.848058 0.171667 0.074757
0 0.842500 0.838350 0.171667 0.074757
