0 0.168333 0.232039 0.170000 0.114563
0 0.325000 0.229126 0.170000 0.114563
0 0.476667 0.221359 0.170000 0.114563
0 0.623333 0.215534 0.170000 0.114563
0 0.781667 0.210680 0.170000 0.114563
0 0.200000 0.440777 0.170000 0.114563
0 0.365000 0.441748 0.170000 0.114563
0 0.503333 0.436893 0.170000 0.114563
0 0.660000 0.432039 0.170000 0.114563
0 0.826667 0.428155 0.170000 0.114563
0 0.215000 0.696117 0.170000 0.114563
0 0.378333 0.691262 0.170000 0.114563
0 0.518333 0.682524 0.170000 0.114563
0 0.665000 0.673786 0.170000 0.114563
0 0.828333 0.666990 0.170000 0.114563
0 0.259167 0.899515 0.191667 0.150485
0 0.444167 0.898544 0.191667 0.150485
0 0.653333 0.851942 0.186667 0.066990
0 0.848333 0.845146 0.186667 0.066990
