0 0.166667 0.229126 0.156667 0.108738
0 0.326667 0.225243 0.156667 0.108738
0 0.481667 0.222330 0.156667 0.108738
0 0.616667 0.211650 0.156667 0.108738
0 0.780000 0.207767 0.156667 0.108738
0 0.201667 0.441748 0.156667 0.108738
0 0.357500 0.441262 0.161667 0.111650
0 0.507500 0.437379 0.161667 0.111650
0 0.654167 0.427670 0.161667 0.111650
0 0.809167 0.426699 0.161667 0.111650
0 0.225833 0.694660 0.161667 0.111650
0 0.370833 0.683981 0.161667 0.111650
0 0.517500 0.674272 0.161667 0.111650
0 0.672500 0.674272 0.161667 0.111650
0 0.822500 0.670388 0.161667 0.111650
0 0.258333 0.905825 0.193333 0.149515
0 0.445000 0.896117 0.193333 0.149515
0 0.650000 0.850485 0.200000 0.066019
0 0.848333 0.846602 0.200000 0.066019
