0 0.175833 0.230583 0.165000 0.113592
0 0.317500 0.222816 0.165000 0.113592
0 0.477500 0.222816 0.165000 0.113592
0 0.617500 0.216019 0.165000 0.113592
0 0.777500 0.208252 0.165000 0.113592
0 0.207500 0.439320 0.165000 0.113592
0 0.357500 0.441262 0.165000 0.113592
0 0.517500 0.438350 0.165000 0.113592
0 0.669167 0.429612 0.165000 0.113592
0 0.817500 0.429612 0.165000 0.113592
0 0.219167 0.694660 0.165000 0.113592
0 0.377500 0.683981 0.165000 0.113592
0 0.535833 0.681068 0.165000 0.113592
0 0.672500 0.679126 0.165000 0.113592
0 0.814167 0.670388 0.165000 0.113592
0 0.259167 0.904854 0.198333 0.159223
0 0.442500 0.897087 0.198333 0.159223
0 0.647500 0.847573 0.201667 0.067961
0 0.835833 0.837864 0.201667 0.067961
