0 0.181667 0.228641 0.153333 0.105825
0 0.320000 0.218932 0.153333 0.105825
0 0.470000 0.218932 0.153333 0.105825
0 0.616667 0.213107 0.153333 0.105825
0 0.770000 0.212136 0.153333 0.105825
0 0.211667 0.437379 0.153333 0.105825
0 0.373333 0.433495 0.153333 0.105825
0 0.516667 0.434466 0.153333 0.105825
0 0.668333 0.430583 0.153333 0.105825
0 0.808333 0.428641 0.153333 0.105825
0 0.218333 0.700485 0.153333 0.105825
0 0.371667 0.691748 0.153333 0.105825
0 0.525000 0.679126 0.153333 0.105825
0 0.665000 0.677184 0.153333 0.105825
0 0.830000 0.664563 0.153333 0.105825
0 0.258333 0.909223 0.193333 0.144660
0 0.443333 0.895631 0.193333 0.144660
0 0.647500 0.848058 0.178333 0.065049
0 0.834167 0.847087 0.178333 0.065049
