0 0.169167 0.229126 0.151667 0.104854
0 0.320833 0.223786 0.141667 0.109709
0 0.475833 0.217961 0.141667 0.109709
0 0.624167 0.213107 0.141667 0.109709
0 0.772500 0.211165 0.141667 0.109709
0 0.207500 0.440291 0.141667 0.109709
0 0.355833 0.441262 0.141667 0.109709
0 0.502500 0.439320 0.141667 0.109709
0 0.665833 0.431553 0.141667 0.109709
0 0.809167 0.426699 0.141667 0.109709
0 0.222500 0.694660 0.141667 0.109709
0 0.372500 0.687864 0.141667 0.109709
0 0.522500 0.681068 0.141667 0.109709
0 0.667500 0.673301 0.141667 0.109709
0 0.824167 0.671359 0.141667 0.109709
0 0.261667 0.905340 0.176667 0.150485
0 0.453333 0.899515 0.176667 0.150485
0 0.649167 0.848544 0.185000 0.069903
0 0.840833 0.842718 0.185000 0.069903
