0 0.164167 0.229612 0.165000 0.115534
0 0.325833 0.224757 0.165000 0.115534
0 0.480833 0.221845 0.165000 0.115534
0 0.619167 0.213107 0.165000 0.115534
0 0.767500 0.211165 0.165000 0.115534
0 0.209167 0.441262 0.165000 0.115534
0 0.372500 0.442233 0.165000 0.115534
0 0.505833 0.442233 0.165000 0.115534
0 0.655833 0.431553 0.165000 0.115534
0 0.799167 0.429612 0.165000 0.115534
0 0.219167 0.693689 0.165000 0.115534
0 0.377500 0.682039 0.165000 0.115534
0 0.517500 0.676214 0.165000 0.115534
0 0.680833 0.674272 0.165000 0.115534
0 0.822500 0.667476 0.165000 0.115534
0 0.255000 0.907282 0.206667 0.148544
0 0.446667 0.899515 0.206667 0.148544
0 0.658333 0.850485 0.200000 0.067961
0 0.851667 0.847573 0.200000 0.067961
