0 0.180833 0.233010 0.148333 0.104854
0 0.344167 0.231068 0.151667 0.110680
0 0.494167 0.225243 0.151667 0.110680
0 0.637500 0.215534 0.151667 0.110680
0 0.794167 0.215534 0.151667 0.110680
0 0.219167 0.444660 0.151667 0.110680
0 0.380833 0.445631 0.151667 0.110680
0 0.532500 0.439806 0.151667 0.110680
0 0.674167 0.435922 0.151667 0.110680
0 0.829167 0.430097 0.151667 0.110680
0 0.234167 0.699029 0.151667 0.110680
0 0.384167 0.691262 0.151667 0.110680
0 0.530833 0.684466 0.151667 0.110680
0 0.682500 0.676699 0.151667 0.110680
0 0.837500 0.674757 0.151667 0.110680
0 0.270833 0.908252 0.201667 0.146602
0 0.465833 0.900485 0.201667 0.146602
0 0.665000 0.854369 0.206667 0.066019
0 0.871667 0.846602 0.206667 0.066019
