0 0.168333 0.229612 0.163333 0.107767
0 0.321667 0.227670 0.163333 0.107767
0 0.466667 0.217961 0.163333 0.107767
0 0.620000 0.215049 0.163333 0.107767
0 0.768333 0.209223 0.163333 0.107767
0 0.201667 0.435437 0.163333 0.107767
0 0.353333 0.439320 0.163333 0.107767
0 0.515000 0.439320 0.163333 0.107767
0 0.655000 0.434466 0.163333 0.107767
0 0.820000 0.429612 0.163333 0.107767
0 0.211667 0.691748 0.163333 0.107767
0 0.368333 0.687864 0.163333 0.107767
0 0.511667 0.684951 0.163333 0.107767
0 0.671667 0.678155 0.163333 0.107767
0 0.821667 0.668447 0.163333 0.107767
0 0.265000 0.905340 0.196667 0.144660
0 0.446667 0.899515 0.196667 0.144660
0 0.648333 0.846117 0.206667 0.059223
0 0.851667 0.844175 0.206667 0.059223
