0 0.170000 0.231553 0.150000 0.113592
0 0.321667 0.227670 0.150000 0.113592
0 0.473333 0.220874 0.150000 0.113592
0 0.620000 0.211165 0.150000 0.113592
0 0.776667 0.208252 0.150000 0.113592
0 0.200000 0.438350 0.150000 0.113592
0 0.360000 0.447087 0.150000 0.113592
0 0.500000 0.441262 0.150000 0.113592
0 0.666667 0.432524 0.150000 0.113592
0 0.808333 0.430583 0.150000 0.113592
0 0.215000 0.690777 0.150000 0.113592
0 0.376667 0.692718 0.150000 0.113592
0 0.520000 0.683010 0.150000 0.113592
0 0.660000 0.672330 0.150000 0.113592
0 0.811667 0.670388 0.150000 0.113592
0 0.255000 0.909709 0.180000 0.143689
0 0.451667 0.899029 0.180000 0.143689
0 0.634167 0.853883 0.171667 0.061165
0 0.847500 0.850000 0.171667 0.061165
