0 0.170000 0.231553 0.156667 0.117476
0 0.321667 0.226699 0.156667 0.117476
0 0.470000 0.222816 0.156667 0.117476
0 0.630000 0.217961 0.156667 0.117476
0 0.768333 0.211165 0.156667 0.117476
0 0.215000 0.440291 0.156667 0.117476
0 0.361667 0.442233 0.156667 0.117476
0 0.515000 0.440291 0.156667 0.117476
0 0.663333 0.429612 0.156667 0.117476
0 0.806667 0.427670 0.156667 0.117476
0 0.225000 0.689806 0.156667 0.117476
0 0.381667 0.680097 0.156667 0.117476
0 0.531667 0.683010 0.156667 0.117476
0 0.681667 0.679126 0.156667 0.117476
0 0.831667 0.672330 0.156667 0.117476
0 0.252500 0.909709 0.181667 0.141748
0 0.442500 0.897087 0.181667 0.141748
0 0.658333 0.848058 0.186667 0.066990
0 0.848333 0.849029 0.186667 0.066990
