0 0.170833 0.231068 0.165000 0.110680
0 0.315833 0.224272 0.165000 0.110680
0 0.477500 0.221359 0.165000 0.110680
0 0.619167 0.213592 0.165000 0.110680
0 0.775833 0.205825 0.165000 0.110680
0 0.204167 0.436893 0.165000 0.110680
0 0.360833 0.437864 0.165000 0.110680
0 0.507500 0.433010 0.165000 0.110680
0 0.667500 0.429126 0.165000 0.110680
0 0.814167 0.426214 0.165000 0.110680
0 0.210833 0.690291 0.165000 0.110680
0 0.390833 0.688350 0.165000 0.110680
0 0.529167 0.686408 0.165000 0.110680
0 0.665833 0.675728 0.165000 0.110680
0 0.825833 0.671845 0.165000 0.110680
0 0.252500 0.902913 0.198333 0.149515
0 0.445833 0.900971 0.198333 0.149515
0 0.652500 0.850971 0.201667 0.074757
0 0.845833 0.841262 0.201667 0.074757
