0 0.170833 0.231068 0.151667 0.114563
0 0.324167 0.226214 0.151667 0.114563
0 0.474167 0.223301 0.151667 0.114563
0 0.617500 0.215534 0.151667 0.114563
0 0.780833 0.212621 0.151667 0.114563
0 0.200833 0.441748 0.151667 0.114563
0 0.362500 0.436893 0.151667 0.114563
0 0.507500 0.441748 0.151667 0.114563
0 0.219167 0.697087 0.151667 0.114563
0 0.370833 0.688350 0.151667 0.114563
0 0.522500 0.681553 0.151667 0.114563
0 0.670833 0.676699 0.151667 0.114563
0 0.814167 0.671845 0.151667 0.114563
0 0.253333 0.905825 0.183333 0.151456
0 0.456667 0.898058 0.183333 0.151456
0 0.645833 0.847087 0.195000 0.072816
0 0.845833 0.841262 0.195000 0.072816
