0 0.321667 0.225728 0.153333 0.113592
0 0.488333 0.220874 0.153333 0.113592
0 0.631667 0.216019 0.153333 0.113592
0 0.776667 0.211165 0.153333 0.113592
0 0.193333 0.441262 0.153333 0.113592
0 0.360000 0.444175 0.153333 0.113592
0 0.495000 0.441262 0.153333 0.113592
0 0.663333 0.431553 0.153333 0.113592
0 0.808333 0.430583 0.153333 0.113592
0 0.218333 0.693689 0.153333 0.113592
0 0.368333 0.688835 0.153333 0.113592
0 0.518333 0.681068 0.153333 0.113592
0 0.671667 0.679126 0.153333 0.113592
0 0.815000 0.669417 0.153333 0.113592
0 0.255833 0.905825 0.188333 0.153398
0 0.444167 0.904854 0.188333 0.153398
0 0.647500 0.845146 0.205000 0.063107
0 0.854167 0.848058 0.205000 0.063107
