0 0.173333 0.229612 0.173333 0.119417
0 0.321667 0.224757 0.173333 0.119417
0 0.473333 0.220874 0.173333 0.119417
0 0.628333 0.213107 0.173333 0.119417
0 0.778333 0.210194 0.173333 0.119417
0 0.195000 0.438350 0.173333 0.119417
0 0.361667 0.439320 0.173333 0.119417
0 0.510000 0.438350 0.173333 0.119417
0 0.658333 0.430583 0.173333 0.119417
0 0.812500 0.425728 0.155000 0.113592
0 0.222500 0.696602 0.155000 0.113592
0 0.382500 0.692718 0.155000 0.113592
0 0.524167 0.683010 0.155000 0.113592
0 0.679167 0.672330 0.155000 0.113592
0 0.812500 0.668447 0.155000 0.113592
0 0.264167 0.905825 0.195000 0.149515
0 0.444167 0.902913 0.195000 0.149515
0 0.653333 0.852913 0.196667 0.063107
0 0.858333 0.847087 0.196667 0.063107
